0,448
0,447
44,3
44,2
0,446
44,1
44,0
0,445
0,444
43,3
43,2
0,443
43,1
43,0
0,442
0,441
0,440
42,3
42,2
0,439
42,1
42,0
0,438
0,437
0,436
0,435
41,3
41,2
0,434
0,433
41,1
41,0
0,432
0,431
0,430
0,429
0,428
40,3
40,2
0,427
0,426
40,1
40,0
0,425
0,424
0,423
0,422
0,421
39,3
39,2
0,420
0,419
39,1
39,0
0,418
0,417
0,416
0,415
0,414
38,3
38,2
0,413
0,412
38,1
38,0
0,411
0,410
0,409
0,408
0,407
0,406
37,3
37,2
0,405
0,404
37,1
37,0
0,403
0,402
0,401
0,400
0,399
0,398
36,3
36,2
0,397
0,396
36,1
36,0
0,395
0,394
0,393
35,3
35,2
35,1
35,0
0,392
34,3
34,2
34,1
34,0
33,3
